1786
29 L 0 285 1
29 D 1242 285 1
28 L 0 104 1
28 D 1234 104 1
27 L 7 64 1
27 L 7 392 1
27 D 1222 64 1
27 D 1222 392 1
26 L 0 168 1
26 L 0 210 1
26 L 0 47 1
26 D 1219 168 1
26 D 1219 210 1
26 D 1219 47 1
25 L 5 113 1
25 L 5 266 1
25 L 5 109 1
25 D 1206 113 1
25 D 1206 266 1
25 D 1206 109 1
24 L 0 10 1
24 L 0 149 1
24 L 0 287 1
24 D 1199 10 1
24 D 1199 149 1
24 D 1199 287 1
23 L 3 136 1
23 L 3 153 1
23 L 3 192 1
23 D 1195 136 1
23 D 1195 153 1
23 D 1195 192 1
22 L 0 2 1
22 L 0 154 1
22 D 1191 2 1
22 D 1191 154 1
21 L 0 262 1
21 L 0 263 1
21 D 1186 262 1
21 D 1186 263 1
20 L 3 264 1
20 L 3 26 1
20 L 3 106 1
20 D 1183 264 1
20 D 1183 26 1
20 D 1183 106 1
19 L 7 320 1
19 L 7 76 1
19 D 1182 320 1
19 D 1182 76 1
18 L 0 129 1
18 L 0 172 1
18 L 0 398 1
18 D 1176 129 1
18 D 1176 172 1
18 D 1176 398 1
17 L 1 28 1
17 L 1 359 1
17 D 1164 28 1
17 D 1164 359 1
16 L 1 349 1
16 D 1154 349 1
15 L 0 214 1
15 L 0 31 1
15 D 1147 214 1
15 D 1147 31 1
14 L 0 26 1
14 L 0 52 1
14 D 1134 26 1
14 D 1134 52 1
13 L 1 211 1
13 L 1 167 1
13 D 1121 211 1
13 D 1121 167 1
12 L 2 350 1
12 L 2 166 1
12 D 1119 166 1
12 D 1119 350 1
11 L 0 154 1
11 D 1103 154 1
10 L 0 236 1
10 L 0 350 1
10 L 0 126 1
10 D 1100 236 1
10 D 1100 126 1
10 D 1100 350 1
9 L 9 303 1
9 L 9 263 1
9 D 1098 263 1
9 D 1098 303 1
8 L 6 362 1
8 D 1088 362 1
7 L 5 376 1
7 L 5 65 1
7 L 5 188 1
7 D 1087 376 1
7 D 1087 65 1
7 D 1087 188 1
6 L 0 17 1
6 D 1072 17 1
5 L 2 384 1
5 L 2 290 1
5 L 2 76 1
5 D 1055 384 1
5 D 1055 290 1
5 D 1055 76 1
4 L 0 122 1
4 L 0 378 1
4 D 1053 122 1
4 D 1053 378 1
3 L 0 81 1
3 L 0 387 1
3 L 0 129 1
3 D 1046 81 1
3 D 1046 387 1
3 D 1046 129 1
2 L 6 142 1
2 D 1022 142 1
1 L 9 283 1
1 L 9 25 1
1 L 9 115 1
1 L 9 167 1
1 D 1009 115 1
1 D 1009 25 1
1 D 1009 283 1
1 D 1009 167 1
0 L 9 25 1
0 L 9 386 1
0 D 1001 25 1
0 D 1001 386 1
18 L 6 360 1
18 L 6 90 1
18 L 6 114 1
18 L 6 398 1
18 D 993 360 1
18 D 993 90 1
18 D 993 114 1
18 D 993 398 1
6 L 8 355 1
6 L 8 285 1
6 D 992 355 1
6 D 992 285 1
29 L 0 290 1
29 L 0 375 1
29 D 989 290 1
29 D 989 375 1
21 L 0 382 1
21 D 980 382 1
26 L 8 299 1
26 L 8 67 1
26 L 8 253 1
26 L 8 367 1
26 D 971 67 1
26 D 971 299 1
26 D 971 253 1
26 D 971 367 1
22 L 4 213 1
22 L 4 78 1
22 D 970 213 1
22 D 970 78 1
14 L 0 272 1
14 L 0 288 1
14 L 0 122 1
14 D 951 272 1
14 D 951 288 1
14 D 951 122 1
5 L 6 89 1
5 L 6 35 1
5 L 6 117 1
5 L 6 278 1
5 D 944 89 1
5 D 944 35 1
5 D 944 117 1
5 D 944 278 1
23 L 0 317 1
23 D 939 317 1
11 L 6 328 1
11 L 6 90 1
11 L 6 327 1
11 D 938 328 1
11 D 938 90 1
11 D 938 327 1
3 L 5 200 1
3 L 5 196 1
3 L 5 172 1
3 L 5 62 1
3 L 5 344 1
3 D 936 200 1
3 D 936 172 1
3 D 936 196 1
3 D 936 62 1
3 D 936 344 1
15 L 0 272 1
15 L 0 126 1
15 D 935 272 1
15 D 935 126 1
10 L 7 220 1
10 L 7 270 1
10 D 929 220 1
10 D 929 270 1
24 L 0 361 1
24 L 0 299 1
24 L 0 119 1
24 D 925 361 1
24 D 925 299 1
24 D 925 119 1
4 L 8 227 1
4 L 8 5 1
4 D 920 227 1
4 D 920 5 1
12 L 0 110 1
12 D 919 110 1
25 L 0 163 1
25 D 913 163 1
27 L 2 56 1
27 L 2 396 1
27 D 912 56 1
27 D 912 396 1
7 L 0 83 1
7 L 0 175 1
7 D 908 83 1
7 D 908 175 1
28 L 2 26 1
28 L 2 222 1
28 D 903 26 1
28 D 903 222 1
19 L 4 133 1
19 L 4 86 1
19 D 895 133 1
19 D 895 86 1
20 L 6 85 1
20 L 6 365 1
20 D 892 85 1
20 D 892 365 1
3 L 0 255 1
3 D 889 255 1
22 L 0 168 1
22 L 0 122 1
22 L 0 204 1
22 L 0 278 1
22 D 870 168 1
22 D 870 122 1
22 D 870 204 1
22 D 870 278 1
10 L 0 172 1
10 D 861 172 1
11 L 0 104 1
11 D 852 104 1
12 L 1 192 1
12 L 1 28 1
12 L 1 45 1
12 D 845 192 1
12 D 845 28 1
12 D 845 45 1
18 L 2 200 1
18 D 843 200 1
1 L 4 162 1
1 D 829 162 1
2 L 7 289 1
2 D 816 289 1
24 L 3 201 1
24 L 3 228 1
24 D 804 201 1
24 D 804 228 1
19 L 0 96 1
19 L 0 168 1
19 L 0 227 1
19 L 0 278 1
19 D 802 96 1
19 D 802 168 1
19 D 802 227 1
19 D 802 278 1
26 L 0 299 1
26 L 0 263 1
26 D 789 299 1
26 D 789 263 1
14 L 0 360 1
14 L 0 345 1
14 D 787 360 1
14 D 787 345 1
25 L 0 293 1
25 L 0 398 1
25 D 780 293 1
25 D 780 398 1
21 L 0 191 1
21 D 776 191 1
15 L 0 241 1
15 D 775 241 1
1 L 0 168 1
1 L 0 322 1
1 D 768 168 1
1 D 768 322 1
24 L 1 54 1
24 D 760 54 1
9 L 4 394 1
9 L 4 219 1
9 D 745 394 1
9 D 745 219 1
27 L 0 283 1
27 L 0 15 1
27 D 738 283 1
27 D 738 15 1
29 L 4 352 1
29 L 4 223 1
29 D 729 352 1
29 D 729 223 1
3 L 4 361 1
3 L 4 162 1
3 D 727 361 1
3 D 727 162 1
23 L 8 241 1
23 L 8 125 1
23 L 8 111 1
23 D 707 241 1
23 D 707 125 1
23 D 707 111 1
8 L 1 96 1
8 L 1 322 1
8 L 1 171 1
8 D 696 96 1
8 D 696 322 1
8 D 696 171 1
2 L 0 214 1
2 D 688 214 1
6 L 5 184 1
6 D 683 184 1
0 L 3 27 1
0 L 3 396 1
0 D 678 27 1
0 D 678 396 1
22 L 7 48 1
22 L 7 68 1
22 L 7 278 1
22 D 666 48 1
22 D 666 68 1
22 D 666 278 1
5 L 0 205 1
5 D 664 205 1
3 L 0 81 1
3 D 663 81 1
20 L 0 348 1
20 L 0 172 1
20 D 657 172 1
20 D 657 348 1
28 L 3 346 1
28 L 3 300 1
28 D 652 346 1
28 D 652 300 1
19 L 0 154 1
19 L 0 83 1
19 L 0 210 1
19 D 635 154 1
19 D 635 83 1
19 D 635 210 1
10 L 8 312 1
10 L 8 243 1
10 L 8 199 1
10 D 619 312 1
10 D 619 243 1
10 D 619 199 1
11 L 0 100 1
11 D 594 100 1
13 L 5 184 1
13 L 5 61 1
13 D 572 184 1
13 D 572 61 1
25 L 5 113 1
25 L 5 189 1
25 L 5 310 1
25 D 558 113 1
25 D 558 189 1
25 D 558 310 1
6 L 8 41 1
6 L 8 119 1
6 D 555 41 1
6 D 555 119 1
26 L 0 348 1
26 L 0 35 1
26 L 0 300 1
26 D 551 300 1
26 D 551 35 1
26 D 551 348 1
7 L 0 126 1
7 L 0 223 1
7 D 543 126 1
7 D 543 223 1
17 L 4 120 1
17 L 4 208 1
17 L 4 162 1
17 L 4 216 1
17 L 4 117 1
17 D 527 120 1
17 D 527 208 1
17 D 527 162 1
17 D 527 216 1
17 D 527 117 1
1 L 1 338 1
1 L 1 164 1
1 D 524 338 1
1 D 524 164 1
15 L 1 356 1
15 L 1 348 1
15 D 521 348 1
15 D 521 356 1
14 L 1 356 1
14 L 1 301 1
14 L 1 230 1
14 D 519 356 1
14 D 519 301 1
14 D 519 230 1
9 L 7 145 1
9 L 7 98 1
9 L 7 70 1
9 D 501 145 1
9 D 501 98 1
9 D 501 70 1
27 L 3 80 1
27 L 3 149 1
27 L 3 190 1
27 D 487 80 1
27 D 487 149 1
27 D 487 190 1
29 L 0 110 1
29 L 0 359 1
29 D 465 110 1
29 D 465 359 1
18 L 0 299 1
18 D 464 299 1
21 L 0 164 1
21 L 0 21 1
21 D 463 164 1
21 D 463 21 1
16 L 2 358 1
16 L 2 138 1
16 L 2 266 1
16 L 2 253 1
16 L 2 158 1
16 D 445 138 1
16 D 445 158 1
16 D 445 266 1
16 D 445 358 1
16 D 445 253 1
28 L 0 225 1
28 D 425 225 1
3 L 0 383 1
3 D 409 383 1
4 L 6 362 1
4 L 6 219 1
4 D 390 362 1
4 D 390 219 1
0 L 8 35 1
0 L 8 131 1
0 D 381 35 1
0 D 381 131 1
19 L 9 337 1
19 L 9 371 1
19 L 9 348 1
19 D 378 337 1
19 D 378 371 1
19 D 378 348 1
24 L 0 218 1
24 L 0 375 1
24 D 377 218 1
24 D 377 375 1
2 L 0 17 1
2 L 0 194 1
2 D 369 17 1
2 D 369 194 1
27 L 0 288 1
27 D 363 288 1
5 L 0 360 1
5 L 0 35 1
5 L 0 270 1
5 L 0 227 1
5 D 356 360 1
5 D 356 35 1
5 D 356 270 1
5 D 356 227 1
11 L 8 125 1
11 D 325 125 1
25 L 2 254 1
25 L 2 45 1
25 L 2 46 1
25 D 315 46 1
25 D 315 45 1
25 D 315 254 1
17 L 2 129 1
17 L 2 246 1
17 L 2 327 1
17 D 309 129 1
17 D 309 246 1
17 D 309 327 1
3 L 9 201 1
3 L 9 235 1
3 D 305 201 1
3 D 305 235 1
6 L 0 396 1
6 D 303 396 1
12 L 3 121 1
12 L 3 223 1
12 D 302 121 1
12 D 302 223 1
22 L 0 272 1
22 L 0 118 1
22 D 287 272 1
22 D 287 118 1
20 L 0 81 1
20 L 0 181 1
20 D 286 81 1
20 D 286 181 1
13 L 0 111 1
13 D 275 111 1
16 L 7 97 1
16 D 260 97 1
21 L 3 153 1
21 L 3 34 1
21 D 257 153 1
21 D 257 34 1
23 L 9 386 1
23 L 9 175 1
23 D 245 386 1
23 D 245 175 1
18 L 9 58 1
18 L 9 38 1
18 D 237 58 1
18 D 237 38 1
9 L 0 304 1
9 L 0 111 1
9 D 227 304 1
9 D 227 111 1
26 L 2 304 1
26 L 2 216 1
26 L 2 115 1
26 L 2 136 1
26 L 2 126 1
26 L 2 47 1
26 D 220 304 1
26 D 220 136 1
26 D 220 115 1
26 D 220 216 1
26 D 220 126 1
26 D 220 47 1
28 L 3 282 1
28 L 3 278 1
28 D 218 282 1
28 D 218 278 1
21 L 0 201 1
21 L 0 50 1
21 L 0 181 1
21 D 212 201 1
21 D 212 50 1
21 D 212 181 1
29 L 7 332 1
29 L 7 214 1
29 D 203 332 1
29 D 203 214 1
7 L 3 121 1
7 L 3 15 1
7 D 193 121 1
7 D 193 15 1
4 L 2 384 1
4 L 2 166 1
4 D 180 384 1
4 D 180 166 1
19 L 0 112 1
19 L 0 283 1
19 L 0 268 1
19 L 0 21 1
19 D 179 112 1
19 D 179 283 1
19 D 179 268 1
19 D 179 21 1
28 L 5 378 1
28 L 5 244 1
28 D 177 378 1
28 D 177 244 1
5 L 1 234 1
5 D 167 234 1
27 L 0 210 1
27 L 0 243 1
27 L 0 52 1
27 L 0 149 1
27 D 156 210 1
27 D 156 243 1
27 D 156 52 1
27 D 156 149 1
16 L 0 375 1
16 D 152 375 1
0 L 1 26 1
0 L 1 126 1
0 D 146 26 1
0 D 146 126 1
2 L 0 96 1
2 L 0 17 1
2 D 144 96 1
2 D 144 17 1
8 L 9 337 1
8 L 9 163 1
8 D 127 337 1
8 D 127 163 1
14 L 9 251 1
14 L 9 262 1
14 D 121 251 1
14 D 121 262 1
10 L 8 41 1
10 L 8 156 1
10 L 8 293 1
10 D 90 41 1
10 D 90 156 1
10 D 90 293 1
1 L 2 358 1
1 D 82 358 1
6 L 0 104 1
6 D 79 104 1
12 L 0 43 1
12 D 50 43 1
22 L 0 348 1
22 L 0 310 1
22 D 46 348 1
22 D 46 310 1
15 L 0 50 1
15 L 0 242 1
15 D 43 50 1
15 D 43 242 1
9 L 4 144 1
9 L 4 139 1
9 L 4 86 1
9 D 31 144 1
9 D 31 139 1
9 D 31 86 1
24 L 7 105 1
24 L 7 36 1
24 L 7 21 1
24 D 26 105 1
24 D 26 36 1
24 D 26 21 1
29 L 8 161 1
29 L 8 114 1
29 L 8 126 1
29 D 24 161 1
29 D 24 114 1
29 D 24 126 1
13 L 5 344 1
13 L 5 397 1
13 D 18 344 1
13 D 18 397 1
25 L 0 230 1
25 D 11 230 1
4 L 8 16 1
4 L 8 41 1
4 L 8 26 1
4 D 8 16 1
4 D 8 41 1
4 D 8 26 1
28 L 1 192 1
28 L 1 81 1
28 D 2 192 1
28 D 2 81 1
11 L 0 163 1
11 D 1 163 1
17 L 8 40 1
17 L 8 385 1
17 L 8 258 1
17 D 1249 40 1
17 D 1249 385 1
17 D 1249 258 1
17 L 8 15 1
17 D 1249 15 1
21 L 7 97 1
21 L 7 133 1
21 L 7 189 1
21 D 1232 97 1
21 D 1232 133 1
21 D 1232 189 1
21 L 7 127 1
21 D 1232 127 1
23 L 9 251 1
23 L 9 221 1
23 L 9 126 1
23 D 1225 251 1
23 D 1225 221 1
23 D 1225 126 1
23 L 9 199 1
23 D 1225 199 1
3 L 1 99 1
3 L 1 211 1
3 D 1220 99 1
3 D 1220 211 1
3 L 1 180 1
3 L 1 181 1
3 L 1 371 1
3 D 1220 371 1
3 D 1220 180 1
3 D 1220 181 1
3 L 1 187 1
3 L 1 189 1
3 D 1220 187 1
3 D 1220 189 1
13 L 3 210 1
13 L 3 153 1
13 L 3 50 1
13 L 3 114 1
13 D 1215 153 1
13 D 1215 210 1
13 D 1215 114 1
13 D 1215 50 1
13 L 3 85 1
13 D 1215 85 1
15 L 2 259 1
15 L 2 388 1
15 D 1203 259 1
15 D 1203 388 1
15 L 2 237 1
15 D 1203 237 1
7 L 6 322 1
7 L 6 76 1
7 L 6 278 1
7 D 1201 322 1
7 D 1201 76 1
7 D 1201 278 1
7 L 6 335 1
7 D 1201 335 1
24 L 8 104 1
24 L 8 201 1
24 L 8 67 1
24 L 8 382 1
24 D 1178 104 1
24 D 1178 201 1
24 D 1178 67 1
24 D 1178 382 1
24 L 8 390 1
24 D 1178 390 1
22 L 1 132 1
22 L 1 149 1
22 L 1 54 1
22 D 1175 132 1
22 D 1175 149 1
22 D 1175 54 1
22 L 1 189 1
22 D 1175 189 1
16 L 5 96 1
16 L 5 2 1
16 L 5 35 1
16 D 1168 96 1
16 D 1168 2 1
16 D 1168 35 1
16 L 5 151 1
16 L 5 172 1
16 L 5 189 1
16 D 1168 172 1
16 D 1168 189 1
16 D 1168 151 1
16 L 5 57 1
16 L 5 286 1
16 D 1168 57 1
16 D 1168 286 1
2 L 0 16 1
2 L 0 32 1
2 D 1162 16 1
2 D 1162 32 1
2 L 0 36 1
2 L 0 272 1
2 D 1162 272 1
2 D 1162 36 1
12 L 5 208 1
12 L 5 286 1
12 D 1151 208 1
12 D 1151 286 1
12 L 5 239 1
12 D 1151 239 1
13 L 7 68 1
13 L 7 201 1
13 L 7 283 1
13 L 7 46 1
13 D 1136 201 1
13 D 1136 283 1
13 D 1136 68 1
13 D 1136 46 1
13 L 7 173 1
13 D 1136 173 1
13 L 7 239 1
13 D 1136 239 1
20 L 7 289 1
20 L 7 219 1
20 L 7 398 1
20 D 1128 289 1
20 D 1128 219 1
20 D 1128 398 1
20 L 7 326 1
20 D 1128 326 1
27 L 0 137 1
27 L 0 323 1
27 D 1124 137 1
27 D 1124 323 1
27 L 0 164 1
27 L 0 46 1
27 D 1124 164 1
27 D 1124 46 1
9 L 9 10 1
9 L 9 58 1
9 D 1115 10 1
9 D 1115 58 1
9 L 9 390 1
9 D 1115 390 1
25 L 3 278 3
25 L 3 151 1
25 D 1080 278 3
25 D 1080 151 1
25 L 3 136 1
25 L 3 361 1
25 D 1080 136 1
25 D 1080 361 1
25 L 3 218 1
25 L 3 123 1
25 L 3 348 1
25 L 3 397 1
25 D 1080 218 1
25 D 1080 123 1
25 D 1080 348 1
25 D 1080 397 1
25 L 3 159 1
25 D 1080 159 1
26 L 7 2 1
26 L 7 19 1
26 D 1077 2 1
26 D 1077 19 1
26 L 7 236 1
26 D 1077 236 1
8 L 8 81 1
8 L 8 382 1
8 L 8 248 1
8 L 8 126 1
8 D 1076 248 1
8 D 1076 81 1
8 D 1076 126 1
8 D 1076 382 1
8 L 8 236 1
8 L 8 367 1
8 D 1076 236 1
8 D 1076 367 1
18 L 6 51 1
18 L 6 317 1
18 D 1071 51 1
18 D 1071 317 1
18 L 6 270 1
18 D 1071 270 1
14 L 6 189 1
14 L 6 210 1
14 L 6 115 1
14 L 6 149 1
14 L 6 138 1
14 D 1068 210 1
14 D 1068 115 1
14 D 1068 189 1
14 D 1068 138 1
14 D 1068 149 1
14 L 6 167 1
14 L 6 136 1
14 D 1068 136 1
14 D 1068 167 1
14 L 6 90 1
14 L 6 111 1
14 D 1068 90 1
14 D 1068 111 1
14 L 6 362 1
14 D 1068 362 1
6 L 7 32 1
6 L 7 278 1
6 L 7 104 1
6 D 1066 32 1
6 D 1066 104 1
6 D 1066 278 1
6 L 7 326 1
6 L 7 123 1
6 D 1066 123 1
6 D 1066 326 1
6 L 7 108 1
6 D 1066 108 1
19 L 1 304 1
19 L 1 377 1
19 D 1062 304 1
19 D 1062 377 1
19 L 1 172 1
19 L 1 229 1
19 D 1062 172 1
19 D 1062 229 1
19 L 1 333 1
19 D 1062 333 1
5 L 2 309 1
5 L 2 287 1
5 D 1059 309 1
5 D 1059 287 1
5 L 2 173 1
5 D 1059 173 1
1 L 8 8 1
1 L 8 257 1
1 L 8 375 1
1 L 8 300 1
1 D 1047 8 1
1 D 1047 257 1
1 D 1047 300 1
1 D 1047 375 1
1 L 8 127 1
1 D 1047 127 1
11 L 5 196 1
11 L 5 300 1
11 L 5 52 1
11 L 5 244 1
11 D 1034 300 1
11 D 1034 196 1
11 D 1034 244 1
11 D 1034 52 1
11 L 5 201 1
11 D 1034 201 1
10 L 5 64 1
10 L 5 376 1
10 L 5 283 1
10 D 1024 64 1
10 D 1024 376 1
10 D 1024 283 1
10 L 5 278 1
10 D 1024 278 1
15 L 0 328 1
15 L 0 99 1
15 D 1020 328 1
15 D 1020 99 1
15 L 0 99 1
15 D 1020 99 1
15 L 0 223 1
15 D 1020 223 1
0 L 0 100 1
0 L 0 8 1
0 L 0 300 1
0 D 995 8 1
0 D 995 300 1
0 D 995 100 1
0 L 0 60 1
0 L 0 237 1
0 D 995 60 1
0 D 995 237 1
0 L 0 127 1
0 D 995 127 1
4 L 1 104 1
4 L 1 98 1
4 L 1 375 1
4 L 1 287 1
4 D 990 104 1
4 D 990 98 1
4 D 990 287 1
4 D 990 375 1
4 L 1 154 1
4 D 990 154 1
29 L 7 328 1
29 L 7 242 1
29 L 7 275 1
29 D 984 328 1
29 D 984 242 1
29 D 984 275 1
29 L 7 216 1
29 L 7 396 1
29 L 7 203 1
29 D 984 216 1
29 D 984 203 1
29 D 984 396 1
29 L 7 332 1
29 D 984 332 1
12 L 1 326 1
12 L 1 221 1
12 D 979 221 1
12 D 979 326 1
12 L 1 126 1
12 D 979 126 1
20 L 9 378 1
20 L 9 379 1
20 L 9 205 1
20 D 976 378 1
20 D 976 379 1
20 D 976 205 1
20 L 9 15 1
20 D 976 15 1
28 L 0 64 1
28 L 0 120 1
28 L 0 397 1
28 D 974 64 1
28 D 974 120 1
28 D 974 397 1
28 L 0 225 1
28 D 974 225 1
10 L 3 96 1
10 L 3 208 1
10 L 3 106 1
10 L 3 159 1
10 D 972 96 1
10 D 972 208 1
10 D 972 106 1
10 D 972 159 1
10 L 3 15 1
10 D 972 15 1
11 L 6 107 1
11 L 6 397 1
11 D 964 107 1
11 D 964 397 1
11 L 6 100 1
11 D 964 100 1
23 L 3 233 1
23 L 3 398 1
23 L 3 181 1
23 D 961 233 1
23 D 961 181 1
23 D 961 398 1
23 L 3 270 1
23 L 3 151 1
23 D 961 270 1
23 D 961 151 1
27 L 0 328 1
27 L 0 127 1
27 L 0 63 1
27 D 930 328 1
27 D 930 63 1
27 D 930 127 1
27 L 0 21 1
27 D 930 21 1
2 L 2 138 1
2 L 2 371 1
2 L 2 70 1
2 L 2 287 1
2 D 911 138 1
2 D 911 371 1
2 D 911 70 1
2 D 911 287 1
2 L 2 30 1
2 D 911 30 1
7 L 9 136 1
7 L 9 81 1
7 L 9 386 1
7 L 9 215 1
7 D 898 136 1
7 D 898 81 1
7 D 898 386 1
7 D 898 215 1
7 L 9 175 1
7 D 898 175 1
10 L 0 210 1
10 L 0 287 1
10 L 0 242 1
10 D 883 210 1
10 D 883 242 1
10 D 883 287 1
10 L 0 260 1
10 D 883 260 1
10 L 0 151 1
10 D 883 151 1
23 L 9 375 1
23 L 9 146 1
23 L 9 386 1
23 L 9 63 1
23 D 881 146 1
23 D 881 63 1
23 D 881 386 1
23 D 881 375 1
23 L 9 291 1
23 D 881 291 1
17 L 0 8 1
17 L 0 136 1
17 L 0 214 1
17 D 878 8 1
17 D 878 136 1
17 D 878 214 1
17 L 0 396 1
17 D 878 396 1
9 L 1 370 1
9 L 1 229 1
9 D 876 370 1
9 D 876 229 1
9 L 1 110 1
9 D 876 110 1
9 L 1 127 1
9 D 876 127 1
5 L 8 32 1
5 D 838 32 1
5 L 8 130 1
5 D 838 130 1
21 L 1 104 1
21 L 1 347 1
21 D 835 104 1
21 D 835 347 1
21 L 1 147 1
21 L 1 205 1
21 D 835 147 1
21 D 835 205 1
16 L 9 378 1
16 L 9 26 1
16 L 9 29 1
16 D 812 378 1
16 D 812 26 1
16 D 812 29 1
16 L 9 99 1
16 D 812 99 1
16 L 9 205 1
16 D 812 205 1
26 L 8 292 1
26 L 8 293 1
26 D 807 292 1
26 D 807 293 1
26 L 8 154 1
26 L 8 61 1
26 D 807 154 1
26 D 807 61 1
26 L 8 206 1
26 L 8 367 1
26 D 807 206 1
26 D 807 367 1
6 L 9 136 1
6 L 9 129 1
6 L 9 371 1
6 D 806 136 1
6 D 806 129 1
6 D 806 371 1
6 L 9 12 1
6 D 806 12 1
20 L 8 315 1
20 L 8 45 1
20 D 796 315 1
20 D 796 45 1
20 L 8 383 1
20 D 796 383 1
13 L 1 109 1
13 L 1 54 1
13 D 788 109 1
13 D 788 54 1
13 L 1 127 1
13 D 788 127 1
18 L 0 391 1
18 L 0 350 1
18 D 761 350 1
18 D 761 391 1
18 L 0 31 1
18 D 761 31 1
3 L 7 289 1
3 L 7 243 1
3 L 7 214 1
3 D 757 289 1
3 D 757 243 1
3 D 757 214 1
3 L 7 186 1
3 L 7 283 1
3 D 757 186 1
3 D 757 283 1
3 L 7 396 1
3 D 757 396 1
27 L 0 241 1
27 L 0 242 1
27 L 0 172 1
27 D 754 241 1
27 D 754 242 1
27 D 754 172 1
27 L 0 221 1
27 L 0 278 1
27 D 754 221 1
27 D 754 278 1
28 L 2 64 1
28 L 2 340 1
28 D 751 64 1
28 D 751 340 1
28 L 2 397 1
28 L 2 230 1
28 L 2 287 1
28 D 751 397 1
28 D 751 230 1
28 D 751 287 1
24 L 0 136 1
24 L 0 253 1
24 L 0 294 1
24 D 716 136 1
24 D 716 253 1
24 D 716 294 1
24 L 0 373 1
24 D 716 373 1
7 L 3 328 1
7 L 3 18 1
7 L 3 216 1
7 D 705 328 1
7 D 705 216 1
7 D 705 18 1
7 L 3 396 1
7 L 3 237 1
7 D 705 396 1
7 D 705 237 1
7 L 3 366 1
7 L 3 301 1
7 D 705 301 1
7 D 705 366 1
11 L 2 222 1
11 L 2 384 1
11 L 2 35 1
11 D 686 384 1
11 D 686 35 1
11 D 686 222 1
11 L 2 205 1
11 D 686 205 1
11 L 2 38 1
11 D 686 38 1
17 L 2 243 1
17 L 2 30 1
17 D 676 243 1
17 D 676 30 1
17 L 2 87 1
17 D 676 87 1
2 L 1 120 1
2 L 1 26 1
2 L 1 28 1
2 D 667 120 1
2 D 667 26 1
2 D 667 28 1
2 L 1 186 1
2 D 667 186 1
8 L 8 16 1
8 L 8 312 1
8 L 8 314 1
8 D 647 16 1
8 D 647 312 1
8 D 647 314 1
8 L 8 278 1
8 L 8 377 1
8 D 647 377 1
8 D 647 278 1
22 L 4 96 1
22 L 4 273 1
22 L 4 50 1
22 L 4 299 1
22 D 639 96 1
22 D 639 273 1
22 D 639 50 1
22 D 639 299 1
22 L 4 245 1
22 D 639 245 1
4 L 7 371 1
4 L 7 220 2
4 D 634 371 1
4 D 634 220 2
4 L 7 397 1
4 D 634 397 1
21 L 8 355 1
21 L 8 205 1
21 D 625 355 1
21 D 625 205 1
21 L 8 260 1
21 D 625 260 1
27 L 5 64 1
27 L 5 113 1
27 L 5 360 1
27 D 622 64 1
27 D 622 113 1
27 D 622 360 1
27 L 5 340 1
27 L 5 398 1
27 L 5 397 1
27 D 622 340 1
27 D 622 397 1
27 D 622 398 1
27 L 5 286 1
27 D 622 286 1
25 L 3 81 1
25 L 3 159 2
25 L 3 398 1
25 D 617 81 1
25 D 617 398 1
25 D 617 159 2
25 L 3 127 1
25 D 617 127 1
28 L 1 129 1
28 L 1 194 1
28 L 1 227 1
28 D 573 129 1
28 D 573 194 1
28 D 573 227 1
28 L 1 270 1
28 D 573 270 1
10 L 6 375 1
10 L 6 396 1
10 L 6 231 1
10 D 571 231 1
10 D 571 396 1
10 D 571 375 1
10 L 6 142 1
10 D 571 142 1
29 L 9 114 1
29 L 9 167 1
29 L 9 297 1
29 D 568 297 1
29 D 568 114 1
29 D 568 167 1
29 L 9 218 1
29 L 9 354 1
29 L 9 29 1
29 D 568 218 1
29 D 568 354 1
29 D 568 29 1
24 L 3 280 1
24 L 3 17 1
24 L 3 350 1
24 D 561 280 1
24 D 561 17 1
24 D 561 350 1
24 L 3 262 1
24 L 3 121 1
24 D 561 121 1
24 D 561 262 1
0 L 0 291 1
0 L 0 347 1
0 D 556 347 1
0 D 556 291 1
0 L 0 377 1
0 L 0 172 1
0 D 556 377 1
0 D 556 172 1
0 L 0 189 1
0 L 0 398 1
0 D 556 189 1
0 D 556 398 1
18 L 0 123 1
18 L 0 361 1
18 L 0 35 1
18 D 525 361 1
18 D 525 123 1
18 D 525 35 1
18 L 0 266 1
18 L 0 85 1
18 D 525 266 1
18 D 525 85 1
1 L 1 192 1
1 L 1 106 1
1 L 1 186 1
1 D 516 192 1
1 D 516 106 1
1 D 516 186 1
1 L 1 239 1
1 D 516 239 1
14 L 4 393 1
14 L 4 114 1
14 L 4 252 1
14 D 512 393 1
14 D 512 114 1
14 D 512 252 1
14 L 4 323 1
14 L 4 297 1
14 L 4 78 1
14 D 512 297 1
14 D 512 323 1
14 D 512 78 1
14 L 4 280 1
14 L 4 57 1
14 D 512 280 1
14 D 512 57 1
14 L 4 186 1
14 D 512 186 1
6 L 5 184 1
6 L 5 75 1
6 L 5 398 1
6 D 506 184 1
6 D 506 75 1
6 D 506 398 1
6 L 5 133 1
6 L 5 150 1
6 D 506 133 1
6 D 506 150 1
5 L 8 161 1
5 L 8 24 1
5 L 8 299 1
5 D 471 24 1
5 D 471 161 1
5 D 471 299 1
5 L 8 24 1
5 L 8 124 1
5 L 8 189 1
5 D 471 24 1
5 D 471 124 1
5 D 471 189 1
5 L 8 350 1
5 D 471 350 1
23 L 4 306 1
23 L 4 35 1
23 L 4 149 1
23 L 4 259 1
23 L 4 78 1
23 L 4 63 1
23 D 462 35 1
23 D 462 306 1
23 D 462 259 1
23 D 462 149 1
23 D 462 78 1
23 D 462 63 1
23 L 4 60 1
23 D 462 60 1
12 L 2 384 1
12 L 2 323 1
12 L 2 197 1
12 L 2 63 1
12 D 440 384 1
12 D 440 323 1
12 D 440 197 1
12 D 440 63 1
12 L 2 38 1
12 L 2 60 1
12 D 440 60 1
12 D 440 38 1
12 L 2 57 1
12 D 440 57 1
22 L 2 384 1
22 L 2 225 1
22 D 439 384 1
22 D 439 225 1
22 L 2 225 1
22 D 439 225 1
22 L 2 36 1
22 D 439 36 1
15 L 9 393 1
15 L 9 114 1
15 D 422 393 1
15 D 422 114 1
15 L 9 382 1
15 L 9 46 1
15 L 9 34 1
15 D 422 34 1
15 D 422 46 1
15 D 422 382 1
15 L 9 391 1
15 L 9 201 1
15 L 9 251 1
15 D 422 201 1
15 D 422 251 1
15 D 422 391 1
15 L 9 10 1
15 D 422 10 1
15 L 9 110 1
15 D 422 110 1
16 L 3 104 1
16 L 3 233 1
16 L 3 348 1
16 D 384 104 1
16 D 384 233 1
16 D 384 348 1
16 L 3 119 1
16 D 384 119 1
19 L 1 208 1
19 L 1 167 1
19 L 1 360 1
19 D 382 208 1
19 D 382 360 1
19 D 382 167 1
19 L 1 57 1
19 L 1 122 1
19 D 382 57 1
19 D 382 122 1
19 L 1 270 1
19 D 382 270 1
17 L 3 233 1
17 L 3 323 1
17 D 371 233 1
17 D 371 323 1
17 L 3 85 1
17 D 371 85 1
25 L 3 282 1
25 L 3 227 1
25 D 366 282 1
25 D 366 227 1
25 L 3 150 1
25 D 366 150 1
25 L 3 46 1
25 D 366 46 1
25 L 3 127 1
25 D 366 127 1
6 L 5 24 1
6 L 5 149 1
6 L 5 206 1
6 D 354 24 1
6 D 354 149 1
6 D 354 206 1
6 L 5 183 1
6 D 354 183 1
4 L 0 225 1
4 L 0 290 1
4 D 349 225 1
4 D 349 290 1
4 L 0 76 1
4 D 349 76 1
18 L 7 371 1
18 L 7 392 1
18 L 7 35 2
18 D 345 392 1
18 D 345 35 2
18 D 345 371 1
18 L 7 150 1
18 D 345 150 1
24 L 3 177 1
24 L 3 6 1
24 L 3 153 1
24 D 338 177 1
24 D 338 6 1
24 D 338 153 1
24 L 3 242 1
24 L 3 300 1
24 D 338 242 1
24 D 338 300 1
24 L 3 239 1
24 D 338 239 1
7 L 2 280 1
7 L 2 254 1
7 L 2 214 1
7 D 332 280 1
7 D 332 214 1
7 D 332 254 1
7 L 2 127 1
7 D 332 127 1
16 L 5 375 1
16 L 5 167 1
16 L 5 71 1
16 D 328 71 1
16 D 328 167 1
16 D 328 375 1
16 L 5 301 1
16 D 328 301 1
23 L 2 384 1
23 L 2 26 1
23 L 2 106 1
23 D 323 384 1
23 D 323 26 1
23 D 323 106 1
23 L 2 214 1
23 D 323 214 1
27 L 8 112 1
27 L 8 130 1
27 L 8 215 1
27 D 292 112 1
27 D 292 130 1
27 D 292 215 1
27 L 8 275 1
27 L 8 15 1
27 D 292 275 1
27 D 292 15 1
27 L 8 43 1
27 D 292 43 1
4 L 9 160 1
4 L 9 237 1
4 D 291 160 1
4 D 291 237 1
4 L 9 43 1
4 D 291 43 1
4 L 9 101 1
4 D 291 101 1
4 L 9 173 1
4 D 291 173 1
0 L 8 257 1
0 L 8 35 1
0 L 8 141 1
0 D 267 257 1
0 D 267 35 1
0 D 267 141 1
0 L 8 374 1
0 L 8 361 1
0 D 267 361 1
0 D 267 374 1
20 L 8 161 1
20 L 8 82 1
20 D 253 161 1
20 D 253 82 1
20 L 8 167 1
20 L 8 360 1
20 L 8 122 1
20 L 8 63 1
20 D 253 360 1
20 D 253 122 1
20 D 253 63 1
20 D 253 167 1
20 L 8 76 1
20 L 8 270 1
20 D 253 76 1
20 D 253 270 1
29 L 0 343 1
29 L 0 239 1
29 D 239 239 1
29 D 239 343 1
29 L 0 151 1
29 D 239 151 1
1 L 3 35 1
1 L 3 27 1
1 D 209 27 1
1 D 209 35 1
1 L 3 132 1
1 D 209 132 1
24 L 0 378 1
24 L 0 100 1
24 L 0 342 1
24 D 207 378 1
24 D 207 100 1
24 D 207 342 1
24 L 0 293 1
24 L 0 10 1
24 D 207 10 1
24 D 207 293 1
24 L 0 205 1
24 L 0 270 1
24 D 207 205 1
24 D 207 270 1
18 L 4 40 1
18 L 4 155 1
18 D 206 40 1
18 D 206 155 1
18 L 4 287 1
18 D 206 287 1
10 L 9 0 1
10 L 9 160 1
10 D 187 0 1
10 D 187 160 1
10 L 9 136 1
10 L 9 25 1
10 L 9 268 1
10 D 187 136 1
10 D 187 25 1
10 D 187 268 1
10 L 9 186 1
10 D 187 186 1
17 L 6 64 1
17 L 6 90 1
17 D 185 64 1
17 D 185 90 1
17 L 6 75 1
17 L 6 215 1
17 D 185 75 1
17 D 185 215 1
2 L 6 16 1
2 L 6 146 1
2 L 6 163 1
2 D 181 16 1
2 D 181 146 1
2 D 181 163 1
2 L 6 278 1
2 L 6 167 1
2 L 6 120 1
2 D 181 120 1
2 D 181 278 1
2 D 181 167 1
2 L 6 399 1
2 L 6 173 1
2 D 181 173 1
2 D 181 399 1
2 L 6 383 1
2 D 181 383 1
21 L 8 66 1
21 L 8 267 1
21 D 175 66 1
21 D 175 267 1
21 L 8 178 1
21 L 8 287 1
21 D 175 178 1
21 D 175 287 1
13 L 3 10 1
13 L 3 372 1
13 D 154 10 1
13 D 154 372 1
13 L 3 18 1
13 D 154 18 1
26 L 0 17 1
26 L 0 241 1
26 L 0 396 1
26 D 150 17 1
26 D 150 396 1
26 D 150 241 1
26 L 0 111 1
26 D 150 111 1
11 L 0 73 1
11 L 0 149 1
11 L 0 182 1
11 D 143 73 1
11 D 143 149 1
11 D 143 182 1
11 L 0 157 1
11 D 143 157 1
15 L 2 328 1
15 L 2 49 1
15 D 131 328 1
15 D 131 49 1
15 L 2 222 1
15 D 131 222 1
22 L 3 233 1
22 L 3 210 1
22 L 3 219 1
22 D 123 233 1
22 D 123 210 1
22 D 123 219 1
22 L 3 242 1
22 L 3 214 1
22 D 123 242 1
22 D 123 214 1
8 L 1 297 1
8 L 1 242 1
8 D 115 297 1
8 D 115 242 1
8 L 1 370 1
8 D 115 370 1
23 L 0 132 1
23 L 0 340 1
23 L 0 360 1
23 D 77 360 1
23 D 77 340 1
23 D 77 132 1
23 L 0 323 1
23 L 0 297 1
23 D 77 297 1
23 D 77 323 1
23 L 0 361 1
23 D 77 361 1
23 L 0 173 1
23 D 77 173 1
5 L 9 340 1
5 L 9 181 1
5 L 9 26 1
5 L 9 299 1
5 D 67 26 1
5 D 67 299 1
5 D 67 340 1
5 D 67 181 1
5 L 9 12 1
5 D 67 12 1
5 L 9 127 1
5 D 67 127 1
6 L 2 314 1
6 L 2 350 1
6 L 2 334 1
6 D 60 314 1
6 D 60 334 1
6 D 60 350 1
6 L 2 278 1
6 L 2 397 1
6 D 60 397 1
6 D 60 278 1
1 L 2 208 1
1 L 2 99 1
1 D 55 208 1
1 D 55 99 1
1 L 2 180 1
1 L 2 262 1
1 L 2 137 1
1 D 55 137 1
1 D 55 180 1
1 D 55 262 1
1 L 2 70 1
1 L 2 87 1
1 D 55 70 1
1 D 55 87 1
1 L 2 24 1
1 L 2 167 1
1 D 55 24 1
1 D 55 167 1
16 L 8 104 1
16 L 8 41 1
16 L 8 70 1
16 D 32 104 1
16 D 32 41 1
16 D 32 70 1
16 L 8 375 1
16 D 32 375 1
18 L 6 10 1
18 L 6 15 1
18 D 17 10 1
18 D 17 15 1
18 L 6 75 1
18 D 17 75 1
18 L 6 195 1
18 D 17 195 1
13 L 3 18 1
13 L 3 275 1
13 L 3 342 1
13 D 4 18 1
13 D 4 275 1
13 D 4 342 1
13 L 3 263 1
13 L 3 169 1
13 D 4 169 1
13 D 4 263 1
13 L 3 26 1
13 L 3 146 1
13 L 3 397 1
13 D 4 26 1
13 D 4 146 1
13 D 4 397 1
